1.44981e-05
1.2e-05
1.2e-05
1.2e-05
1.2e-05
1.2e-05
1.2e-05
1.2e-05
1.2e-05
1.2e-05
1.2e-05
1.2e-05
1.2e-05
1.2e-05
1.2e-05
1.2e-05
1.2e-05
1.2e-05
1.2e-05
1.2e-05
1.2e-05
1.2e-05
1.2e-05
1.2e-05
1.2e-05
1.2e-05
1.2e-05
1.2e-05
1.2e-05
1.2e-05
1.2e-05
1.2e-05
1.2e-05
1.2e-05
1.2e-05
1.2e-05
1.2e-05
1.2e-05
1.2e-05
1.2e-05
1.2e-05
1.2e-05
1.2e-05
1.2e-05
1.2e-05
1.2e-05
1.2e-05
1.2e-05
1.2e-05
1.2e-05
1.2e-05
1.2e-05
1.2e-05
1.2e-05
1.2e-05
1.2e-05
1.2e-05
1.2e-05
1.2e-05
1.2e-05
1.2e-05
1.2e-05
1.2e-05
1.2e-05
1.2e-05
1.2e-05
1.2e-05
1.2e-05
1.2e-05
1.2e-05
1.2e-05
1.2e-05
1.2e-05
1.2e-05
1.2e-05
1.2e-05
1.2e-05
1.2e-05
1.2e-05
1.2e-05
1.2e-05
1.2e-05
1.2e-05
1.2e-05
1.2e-05
1.2e-05
1.2e-05
1.2e-05
1.2e-05
1.2e-05
1.2e-05
1.2e-05
1.2e-05
1.2e-05
1.2e-05
1.2e-05
1.2e-05
1.2e-05
1.2e-05
1.2e-05
1.2e-05
1.2e-05
1.2e-05
1.2e-05
1.2e-05
1.2e-05
1.2e-05
1.2e-05
1.2e-05
1.2e-05
1.2e-05
1.2e-05
1.2e-05
1.2e-05
1.2e-05
1.2e-05
1.2e-05
1.2e-05
1.2e-05
1.2e-05
1.2e-05
1.2e-05
1.2e-05
1.2e-05
1.2e-05
1.2e-05
1.2e-05
1.2e-05
1.2e-05
1.2e-05
1.2e-05
1.2e-05
1.2e-05
1.2e-05
1.2e-05
1.2e-05
1.2e-05
1.2e-05
1.2e-05
1.2e-05
1.2e-05
1.2e-05
1.2e-05
1.2e-05
1.2e-05
1.2e-05
1.2e-05
1.2e-05
1.2e-05
1.2e-05
1.2e-05
1.2e-05
1.2e-05
1.2e-05
1.2e-05
1.2e-05
1.2e-05
1.2e-05
1.2e-05
1.2e-05
1.2e-05
1.2e-05
1.2e-05
1.2e-05
1.2e-05
1.2e-05
1.2e-05
1.2e-05
1.2e-05
1.2e-05
1.2e-05
1.2e-05
1.2e-05
1.2e-05
1.2e-05
1.2e-05
1.2e-05
1.2e-05
1.2e-05
1.2e-05
1.2e-05
1.2e-05
1.2e-05
1.2e-05
1.2e-05
1.2e-05
1.2e-05
1.2e-05
1.2e-05
1.2e-05
1.2e-05
1.2e-05
1.2e-05
1.2e-05
1.2e-05
1.2e-05
1.2e-05
1.2e-05
1.2e-05
1.2e-05
1.2e-05
1.2e-05
1.2e-05
1.2e-05
1.2e-05
1.2e-05
1.2e-05
1.2e-05
1.2e-05
1.2e-05
1.2e-05
1.2e-05
1.2e-05
1.2e-05
1.2e-05
1.2e-05
1.2e-05
1.2e-05
1.2e-05
1.2e-05
1.2e-05
1.2e-05
1.2e-05
1.2e-05
1.2e-05
1.2e-05
1.2e-05
1.2e-05
1.2e-05
1.2e-05
1.2e-05
1.2e-05
1.2e-05
1.2e-05
1.2e-05
1.2e-05
1.2e-05
1.2e-05
1.2e-05
1.2e-05
1.2e-05
1.2e-05
1.2e-05
1.2e-05
1.2e-05
1.2e-05
1.2e-05
1.2e-05
1.2e-05
1.2e-05
1.2e-05
1.2e-05
1.2e-05
1.2e-05
1.2e-05
1.2e-05
1.2e-05
1.2e-05
1.2e-05
1.2e-05
1.2e-05
1.2e-05
1.2e-05
1.2e-05
1.2e-05
1.2e-05
1.2e-05
1.2e-05
1.2e-05
1.2e-05
1.2e-05
1.2e-05
1.2e-05
1.2e-05
1.2e-05
1.2e-05
1.2e-05
1.2e-05
1.2e-05
1.2e-05
1.2e-05
1.2e-05
1.2e-05
1.2e-05
1.2e-05
1.2e-05
1.2e-05
1.2e-05
1.2e-05
1.2e-05
1.2e-05
1.2e-05
1.2e-05
1.2e-05
1.2e-05
1.2e-05
1.2e-05
1.2e-05
1.2e-05
1.2e-05
1.2e-05
1.2e-05
1.2e-05
1.2e-05
1.2e-05
1.2e-05
1.2e-05
1.2e-05
1.2e-05
1.2e-05
1.2e-05
1.2e-05
1.2e-05
1.2e-05
1.2e-05
1.2e-05
1.2e-05
1.2e-05
1.2e-05
1.2e-05
1.2e-05
1.2e-05
1.2e-05
1.2e-05
1.2e-05
1.2e-05
1.2e-05
1.2e-05
1.2e-05
1.2e-05
1.2e-05
1.2e-05
1.68731e-05
2.02645e-05
2.27833e-05
2.57881e-05
2.87929e-05
3.17977e-05
3.48025e-05
3.78073e-05
4.08121e-05
4.38169e-05
4.68217e-05
4.98265e-05
5.28313e-05
5.58361e-05
5.88409e-05
6.18456e-05
6.48504e-05
6.78552e-05
7.086e-05
2.26541e-05
2.54004e-05
2.81468e-05
3.08931e-05
3.36394e-05
3.64698e-05
3.93842e-05
4.22986e-05
4.5213e-05
4.81274e-05
5.10418e-05
5.39562e-05
5.68705e-05
5.97849e-05
3.65111e-05
3.95082e-05
4.25053e-05
4.55024e-05
4.84995e-05
5.14966e-05
5.44937e-05
2.03021e-05
2.39557e-05
2.80702e-05
3.10999e-05
3.41295e-05
3.72142e-05
4.03538e-05
4.34934e-05
4.6633e-05
4.97727e-05
5.29123e-05
5.60519e-05
5.91915e-05
6.23311e-05
6.54707e-05
6.86104e-05
7.175e-05
7.48896e-05
3.71719e-05
4.02269e-05
4.32819e-05
4.63368e-05
4.93918e-05
5.24468e-05
5.55018e-05
5.85568e-05
6.16118e-05
2.89708e-05
3.37376e-05
3.77306e-05
4.10136e-05
4.42967e-05
4.75798e-05
5.08628e-05
5.41459e-05
5.7429e-05
6.0712e-05
6.39951e-05
6.72782e-05
7.05612e-05
7.42983e-05
7.29091e-05
3.76567e-05
4.0792e-05
4.39273e-05
4.70626e-05
5.01979e-05
5.33332e-05
5.64685e-05
5.96038e-05
6.27391e-05
6.58744e-05
6.90097e-05
7.21451e-05
7.52804e-05
3.29981e-05
3.6222e-05
3.94459e-05
4.26698e-05
4.58937e-05
4.91176e-05
5.23415e-05
5.55654e-05
5.87893e-05
6.20132e-05
6.52371e-05
6.8461e-05
7.16849e-05
7.49089e-05
7.81328e-05
2.25838e-05
2.50394e-05
2.74949e-05
2.99504e-05
3.24059e-05
3.49445e-05
3.7566e-05
4.01876e-05
3.5077e-05
3.79637e-05
4.08504e-05
4.37372e-05
4.66239e-05
4.95106e-05
5.23973e-05
5.5284e-05
5.81707e-05
6.10574e-05
6.39441e-05
6.68308e-05
6.97175e-05
2.34601e-05
2.70883e-05
3.01367e-05
3.3185e-05
3.62333e-05
3.92816e-05
4.233e-05
4.53783e-05
4.84266e-05
5.14749e-05
5.45233e-05
5.75716e-05
6.06199e-05
6.36682e-05
6.67166e-05
6.97649e-05
7.28132e-05
7.58615e-05
7.9545e-05
7.7808e-05
2.71914e-05
3.04457e-05
3.37e-05
3.68033e-05
3.97556e-05
4.27079e-05
4.56602e-05
4.86125e-05
5.15648e-05
5.4517e-05
5.74693e-05
6.04216e-05
6.33739e-05
6.63262e-05
6.92785e-05
7.22308e-05
7.5183e-05
7.81353e-05
8.10876e-05
8.40399e-05
8.69922e-05
8.99445e-05
3.69374e-05
4.01579e-05
4.33784e-05
4.65989e-05
4.98194e-05
5.30399e-05
5.62604e-05
5.94809e-05
6.27014e-05
6.59219e-05
6.91424e-05
7.23628e-05
7.55833e-05
2.32114e-05
2.69222e-05
3.06329e-05
3.48158e-05
3.88119e-05
4.2149e-05
4.54861e-05
4.88231e-05
5.21602e-05
4.01022e-05
4.43855e-05
4.70344e-05
4.96834e-05
4.4489e-05
4.7345e-05
5.0201e-05
5.3057e-05
5.5913e-05
3.40712e-05
3.59244e-05
3.79417e-05
4.14363e-05
4.49309e-05
4.84255e-05
5.192e-05
5.54146e-05
5.89092e-05
3.75232e-05
4.05107e-05
4.38281e-05
4.71456e-05
5.0463e-05
5.37804e-05
5.70979e-05
6.04153e-05
4.04648e-05
4.36903e-05
4.69159e-05
5.01279e-05
5.33263e-05
5.65247e-05
5.97231e-05
6.29215e-05
6.61199e-05
6.93184e-05
7.25168e-05
7.57152e-05
7.89136e-05
8.2112e-05
8.53104e-05
8.85089e-05
9.17073e-05
9.49057e-05
9.81041e-05
0.000101303
0.00010412
0.000103206
5.06501e-05
5.43268e-05
5.74373e-05
6.05479e-05
6.36584e-05
6.67689e-05
6.98794e-05
7.29899e-05
7.61004e-05
7.9211e-05
8.23215e-05
8.5432e-05
8.85425e-05
9.1653e-05
9.47635e-05
9.78741e-05
0.000100985
0.000104095
5.46403e-05
5.80364e-05
6.10912e-05
6.41461e-05
6.72009e-05
7.02557e-05
7.33106e-05
7.63654e-05
7.94202e-05
8.24751e-05
8.55299e-05
8.85847e-05
9.16396e-05
9.46944e-05
5.80149e-05
6.10269e-05
6.40388e-05
6.70508e-05
7.00627e-05
7.30747e-05
7.60866e-05
7.90985e-05
8.21105e-05
8.55448e-05
8.94014e-05
9.3258e-05
9.68068e-05
0.000100048
0.000103288
0.000106529
0.00010977
0.000113011
0.000114
0.000114
0.000114
0.000114
0.000114
0.000114
0.000114
0.000114
0.000114
0.000114
0.000114
0.000114
0.000114
0.000114
0.000114
0.000114
0.000114
0.000114
0.000114
0.000114
0.000114
0.000114
0.000114
0.000114
0.000114
0.000114
0.000114
0.000114
0.000114
0.000114
0.000114
9.67677e-05
9.99303e-05
0.000103093
0.000106255
0.000109418
0.000112581
0.000114
0.000114
0.000114
0.000114
0.000114
0.000114
0.000114
0.000114
0.000114
0.000114
0.000114
0.000114
0.000114
0.000114
0.000114
8.51599e-05
8.82468e-05
9.13337e-05
9.44206e-05
9.75075e-05
0.000100594
0.000103681
0.000106768
0.000109855
0.000112942
0.000114
0.000114
0.000114
0.000114
0.000114
0.000114
0.000114
0.000114
0.000114
0.000114
0.000114
0.000114
0.000114
0.000114
0.000114
0.000114
0.000114
0.000114
0.000114
0.000114
0.000114
0.000114
0.000114
0.000114
0.000114
0.000114
0.000114
0.000114
0.000114
0.000114
0.000114
0.000114
0.000114
3.8445e-05
4.26037e-05
4.53399e-05
4.8076e-05
5.08122e-05
5.35483e-05
5.64803e-05
5.96081e-05
6.27358e-05
6.58636e-05
6.89914e-05
7.21192e-05
7.5247e-05
7.83747e-05
8.15025e-05
8.46303e-05
8.77581e-05
9.08859e-05
9.40136e-05
9.71414e-05
0.000100269
5.63647e-05
5.92613e-05
6.21578e-05
6.50544e-05
6.7951e-05
7.08475e-05
7.37441e-05
7.66407e-05
7.95372e-05
8.24338e-05
8.53304e-05
8.8227e-05
9.11235e-05
4.28672e-05
4.61304e-05
4.93935e-05
5.26567e-05
5.59198e-05
5.9183e-05
6.24461e-05
6.57093e-05
6.89724e-05
7.31208e-05
7.71914e-05
8.02993e-05
8.34071e-05
8.65149e-05
8.96227e-05
9.27305e-05
9.58383e-05
9.89462e-05
0.000102054
0.000105162
0.00010827
0.000111377
0.000114
0.000114
0.000114
0.000114
0.000114
0.000114
0.000114
0.000114
0.000114
0.000114
0.000114
0.000114
0.000114
0.000114
0.000114
0.000114
0.000114
0.000114
0.000114
0.000114
0.000114
0.000114
0.000114
0.000114
0.000114
0.000114
0.000114
0.000114
0.000114
0.000114
0.000114
0.000114
0.000114
0.000114
0.000114
0.000114
0.000114
7.72115e-05
8.03594e-05
8.35073e-05
8.66553e-05
8.98032e-05
9.29511e-05
9.6099e-05
9.92469e-05
0.000102395
0.000105625
0.000108938
0.000112252
0.000114
0.000114
0.000114
0.000114
0.000114
0.000114
0.000114
0.000114
0.000114
0.000114
0.000114
0.000114
0.000114
0.000114
0.000114
0.000114
0.000114
0.000114
0.000114
0.000114
0.000114
0.000114
0.000114
0.000114
0.000114
0.000114
0.000105635
0.000108967
0.000112299
0.000114
0.000114
0.000114
0.000114
0.000114
0.000114
0.000114
0.000114
0.000114
0.000114
0.000114
0.000114
0.000114
0.000114
0.000114
0.000114
0.000114
0.000114
0.000114
0.000114
0.000114
0.000114
0.000114
0.000114
0.000114
0.000114
0.000114
0.000114
0.000114
0.000114
0.000114
0.000114
0.000114
0.000114
0.000114
0.000114
0.000114
0.000114
0.000114
0.000114
7.20786e-05
7.5028e-05
7.79773e-05
8.09266e-05
8.38759e-05
8.68252e-05
8.97745e-05
9.27238e-05
9.56731e-05
9.86224e-05
0.000101572
0.000104521
0.00010747
0.00011042
0.000113369
0.000114
0.000114
0.000114
0.000114
0.000114
0.000114
0.000114
0.000114
0.000114
0.000114
0.000114
0.000114
0.000114
0.000114
0.000114
0.000114
0.000114
0.000114
0.000114
0.000114
0.000114
0.000114
0.000114
0.000114
0.000114
0.000114
0.000114
0.000114
0.000114
0.000114
0.000114
0.000114
0.000114
0.000114
0.000114
0.000114
0.000114
0.000114
0.000114
0.000114
0.000114
0.000114
0.000114
0.000114
0.000114
0.000114
0.000114
0.000114
0.000114
0.000114
0.000114
0.000114
0.000114
0.000114
0.000114
0.000114
0.000114
0.000114
0.000114
0.000114
0.000114
0.000114
0.000114
0.000114
2.00871e-05
2.62689e-05
3.24508e-05
3.86326e-05
4.48144e-05
5.09962e-05
5.7178e-05
6.33599e-05
6.95417e-05
7.57235e-05
8.19053e-05
8.80871e-05
9.42689e-05
0.000100451
0.000106633
0.000112814
0.000114
0.000114
0.000114
0.000114
0.000114
0.000114
0.000114
0.000114
0.000114
0.000114
0.000114
0.000114
0.000114
0.000114
0.000114
0.000114
0.000114
0.000114

