12.2456
20.2054
91.3331
50.5718
88.1237
172.74
20.2283
33.6695
63.0555
73.4951
36.2145
175.711
139.268
284.889
236.614
19.8296
54.649
112.041
153.089
142.756
98.9228
30.3855
55.2115
96.8836
85.8047
43.1943
170.692
75.0843
138.608
111.63
23.111
36.3078
152.418
136.482
45.7252
167.735
60.1245
173.614
188.356
18.4911
39.1686
123.127
140.834
44.5644
185.33
86.427
198.277
204.467
18.2166
124.549
29.5655
64.4447
209.928
196.27
43.0072
55.1166
133.075
209.058
287.611
64.7499
167.981
117.068
253.896
217.382
61.8301
212.804
171.548
21.3989
174.072
54.6975
155.735
102.649
169.335
234.515
16.8088
64.0314
152.431
209.69
26.8949
135.823
35.0103
156.652
52.166
205.356
88.1845
197.955
207.932
21.4918
33.583
62.4847
53.3493
156.166
272.934
244.474
197.491
32.5024
89.7896
51.0853
117.747
74.9639
94.3529
95.0227
23.8877
40.5123
170.695
79.1508
177.095
164.228
40.6965
58.6066
93.6269
215.941
183.293
83.19
106.557
206.598
305.384
298.574
217.983
213.556
75.9553
125.324
198.026
56.1772
193.505
331.103
322.588
90.42
251.833
216.963
73.1478
111.842
164.147
137.756
171.737
187.26
108.192
117.276
178.556
125.114
188.544
155.345
312.329
451.569
447.089
189.461
329.465
209.021
315.517
284.621
379.419
526.922
673.442
790.951
570.557
661.264
972.606
977.498
129.632
176.843
325.366
302.667
215.293
299.612
548.082
872.637
839.995
381.388
475.189
686.447
501.621
540.664
747.057
764.518
395.705
520.493
646.23
569.886
608.115
812.044
806.473
909.255
901.704
524.491
1e+20

