 1.10685
 1.10701
 1.10782
 1.10797
 1.10851
 1.11027
 1.10712
 1.10779
 1.10797
 1.10807
 1.10832
 1.11211
 1.11138
 1.11355
 1.11305
 1.10714
 1.10792
 1.10880
 1.10895
 1.10892
 1.10860
 1.10754
 1.10793
 1.10813
 1.10807
 1.10806
 1.11076
 1.10895
 1.10953
 1.10928
 1.10726
 1.10807
 1.11042
 1.10968
 1.10872
 1.11168
 1.10951
 1.11164
 1.11243
 1.10725
 1.10813
 1.10949
 1.10991
 1.10902
 1.11357
 1.11233
 1.11445
 1.11471
 1.10733
 1.10977
 1.10847
 1.11079
 1.11412
 1.11405
 1.10963
 1.11035
 1.11227
 1.11370
 1.11453
 1.11095
 1.11289
 1.11275
 1.11577
 1.11490
 1.11065
 1.11512
 1.11285
 1.10712
 1.11137
 1.10871
 1.11069
 1.11066
 1.11173
 1.11326
 1.10695
 1.10867
 1.11072
 1.11261
 1.10749
 1.10961
 1.10793
 1.11071
 1.10889
 1.11326
 1.11055
 1.11274
 1.11318
 1.10718
 1.10782
 1.10802
 1.10894
 1.11189
 1.11305
 1.11289
 1.11209
 1.10776
 1.10833
 1.10824
 1.10901
 1.10861
 1.10868
 1.10870
 1.10734
 1.10846
 1.11040
 1.10955
 1.11108
 1.11088
 1.10895
 1.10995
 1.11146
 1.11367
 1.11283
 1.11148
 1.11248
 1.11468
 1.11551
 1.11549
 1.11475
 1.11432
 1.11019
 1.11103
 1.11239
 1.10980
 1.11288
 1.11455
 1.11453
 1.11173
 1.11632
 1.11451
 1.11236
 1.11661
 1.11711
 1.11702
 1.11727
 1.11744
 1.11748
 1.11856
 1.11909
 1.11911
 1.12026
 1.12217
 1.12762
 1.12917
 1.12916
 1.12555
 1.12800
 1.12723
 1.13016
 1.13610
 1.14662
 1.15611
 1.16133
 1.16476
 1.15366
 1.15943
 1.16555
 1.16555
 1.11987
 1.12314
 1.12688
 1.12619
 1.13096
 1.14261
 1.15989
 1.17177
 1.17113
 1.15091
 1.15908
 1.16597
 1.15989
 1.16453
 1.17182
 1.17313
 1.15060
 1.16149
 1.16373
 1.16217
 1.16699
 1.17519
 1.17557
 1.17633
 1.17631
 1.15434
 1.00559
     NaN
