289.491
307.242
342.04
346.388
389.982
459.296
499.57
506.792
537.743
578.834
606.517
633.16
703.461
707.537
750.997
895.506
917.09
921.341
955.427
982.582
1064.11
1069.94
1074.91
1151.73
1156.94
1258.31
1348.81
1365.79
1370.28
1429.11
1494.05
1550.15
1627.8
1659.9
1670.73
1701.17
1872.75
1898.82
1918.38
1980.02
2010.63
2094.93
2129.94
2195.47
2210.47
2233.01
2313.76
2332.02
2349.19
2352.77
2356.34
2446.87
2577.44
2634.65
2664.52
2669.79
2752.08
2785.73
2800.92
2862.8
2977.58
3078.5
3133.57
3157.92
3187.1
3212.96
3268.62
3312.83
3323.1
3424.68
3440.36
3503.74
3580.5
3584.72
3639.53
3668.54
3675.82
3736.29
3771.38
3810.88
3825.8
4026.34
4109.39
4113.98
4115.98
4163.6
4323.29
4347.01
4362.86
4408.37
4494.66
4529.81
4573.97
4595.24
4616.95
4634.97
4657.68
4680.63
4688.17
4705.37
4716.46
4739.07
4780.08
4798.58
4853.09
4864.45
4907.81
4928.05
5055.74
5071.43
5105.77
5124.2
5161.53
5219.49
5254.04
5300.06
5300.94
5311.98
5320.85
5343.29
5392.99
5435.53
5583.56
5599.41
5686.99
5768.7
5822.86
5915.89
5943.83
5952.08
6055.67
6170.45
6179.04
6198.75
6198.79
6273.72
6336.77
6374.19
6449.94
6504
6508.02
6525.63
6529.36
6578.29
6648.67
6652.29
6698.68
6756.78
6760.7
6845.82
6934.48
6979.72
6995.99
7013.35
7028.96
7127.84
7203.72
7207.87
7335.07
7347.18
7348.77
7438.12
7505.89
7606.49
7810.19
7830.21
7869.54
7897.78
7936.23
8031.04
8103.04
8174.08
8210.15
8342.78
8344.55
8412.41
8432.65
8554.31
8610.83
8627.43
8752.56
8781.09
8787.24
8812.07
8866.36
8885.21
8887.99
8920.41
8933.64
8975.98
8980.82
9124.85
9174.07
9182.9
9213.8
9262.43
9263.81
9263.9
9272.29
9350.47
9355.41
9575.42
9669.22
9825.44
9936.09
9961.58
9971.36
9994.63
10010.6
10013.7
10015.3
10050.3
10068.8
10105.7
10126.4
10201.2
10271.2
10363.5
10399.3
10531.2
10571
10649.8
10711.1
10740.8
10792.5
10831.4
10899.7
10923.9
11000.5
11093.1
11098.3
11170.1
11282.8
11307.3
11314.5
11342.1
11360.1
11364.7
11419.9
11516.1
11564.4
11649.4
11706.8
11784
11794.2
11809.6
11831.9
11934.4
11978.3
11978.5
12046.7
12070.5
12101.6
12128.7
12150.8
12258.8
12309.6
12398.2
12398.8
12432
12474
12529
12537.5
12585.1
12611.5
12645.9
12695.3
12703.2
12723.8
12744.3
12883.3
12969.7
13053.1
13055.4
13058.2
13080.8
13251.7
13278.1
13325.8
13358.8
13497.4
13535.2
13549.6
13561.3
13574.2
13594.7
13605.2
13658.9
13669.9
13671.1
13671.4
13700.1
13731.8
13819.7
13964.5
14068.3
14154.9
14250.9
14282.6
14448.9
14502.2
14565.6
14591.5
14636.4
14655.6
14660.3
14673
14737.3
14850.3
14936.9
14967.1
14975.2
15075.9
15095.7
15096.4
15158.4
15224.3
15263.3
15288.3
15317.4
15760.6
15818.2
15844.5
15849.3
15854.6
15871.5
15883.1
16099.6
16127.8
16150.4
16267
16301.8
16340.1
16353
16363.4
16464.8
16563.3
16567.4
16580.5
16684.6
16692.7
16711
16726.4
16850.3
16854
16898.5
16935.5
16959.8
17117.2
17135.2
17236.8
17326.4
17462.9
17513.4
17539.8
17572.3
17625.6
17625.8
17748.8
17812.9
17817.4
17882.3
17994.5
18150.1
18295.1
18298.1
18358.2
18418.9
18434.9
18535.4
18539
18560.7
18587.2
18672.8
18691.1
18699.9
18708.9
18794.1
18794.5
18820.4
18885.8
18956.4
18987
18987.9
19049.1
19064.9
19158.8
19216
19243.3
19256.2
19276.8
19302.1
19304.4
19343.9
19360
19379.6
19414.6
19429.9
19438.1
19511.2
19511.5
19536
19589.5
19595.1
19672.5
19765.7
19914.5
19951.7
20023.2
20069.2
20084.1
20127.1
20204.8
20265.3
20317.4
20354
20524.6
20615.5
20668.4
20690.1
20728.2
20733.3
20734.2
20758.4
20766
20783.4
20832.4
20890.3
20898.3
20983.1
20983.5
20984.6
21012.5
21041
21056
21132.6
21137.5
21162.8
21250.2
21268.1
21375.8
21583.1
21584
21741.1
21752.7
21789.2
21824.9
21832.6
21985.3
22066.5
22067.9
22087.1
22105.4
22192.9
22221.5
22227.7
22338.1
22364.9
22391.2
22462.7
22525
22595.8
22609.7
22624.4
22687.3
22697.7
22709.7
22750
22786.2
22800.1
22830.3
22929.8
22975.8
22980
22981.8
23171.1
23274.2
23316
23447.7
23474.5
23531.2
23609.5
23659.5
23708.4
23714.2
23716.1
23779.5
23786.3
23846.4
23875.4
23895.1
23952.5
23953.9
24158
24168.7
24218.3
24267.5
24360.5
24512.7
24632.7
24692.2
24692.6
24761.9
24859.5
24893.6
24902.5
24962
25017.8
25031.5
25039.9
25080.2
25117.2
25275.5
25368.9
25381.3
25397.9
25399.2
25506.6
25519.5
25541.5
25545.7
25551.3
25562.9
25620.3
25656.4
25723.2
25742.8
25773
25777.8
25891.2
25891.5
25897.6
25989.6
26054.2
26127.3
26159.5
26204.3
26255.8
26257.5
26277.9
26348.5
26445.1
26452.6
26483.1
26544.5
26632.3
26680.6
26685.7
26759.9
26790.1
26874.8
26922.8
27038.1
27064.7
27065.8
27131.7
27240.7
27250.2
27348.8
27433
27492.8
27506.7
27538.9
27638.8
27672.3
27739.8
27809.6
27844.8
27849.6
27948.1
28037.9
28048.7
28133.1
28325
28384
28384.2
28399.9
28429.1
28509.6
28676.5
28707.3
28744.9
28780.6
28973.2
28973.9
29082.7
29115.1
29144.9
29149.1
29172
29179.1
29235.7
29235.8
29308.8
29493.1
29506.1
29512.4
29542.7
29749.6
29860.5
29870.5
29896.8
30052.3
30094.1

